# id	file_path	transparent_color_r	g	b
[TEXTURES]
0	textures\mario.png	255	255	255
20	textures\misc.png	176	224	248
10	textures\enemies.png	3	26	110
50	textures\background.png	3	26	110
60	textures\sprite.png	255	255	255

# id	left	top	right	bottom	texture_id

[SPRITES]
#fireball
9001	4	952	11	959	60
9002	14	952	21	959	60
9003	24	952	31	959	60
#coin 1-4
8001	407	979	422	996	60
8002	423	979	434	996	60
8003	435	979	442	996	60
8004	443	979	454	996	60
#background
1	16	14	2813	720	50
# -------------------------------BIG MARIO 
# idle right
10001	246	154	259	180	0
# walk
10002	275	154	290	180	0		
10003	305	155	320	180	0
# idle left
10011	186	154	199	180	0
#walk
10012	155	154	170	180	0
10013	125	155	140	180	0
#break (left,right)
10014	5	154	20	181	0
10015	425	154	440	181	0
#jump right(up and down)
10016	395	275	410	300	0
10017	305	155	320	180	0
#jump left (up and down)
10018	35	275	50	300	0
10019	125	155	140	180	0
#MAXspeed R
11020	334	154	352	180	0
11021	362	154	380	180	0
11022	392	155	410	180	0
#maxspeed L
11023	93	154	111	180	0
11024	65	154	83	180	0
11025	35	155	53	180	0	
# die 
10099	215	120	231	135	0

# --------------------------SMALL MARIO
# idle small right
10021	247	0	258	14	0
# walk
10022	275	0	290	15	0
10023	306	0	320	15	0
# idle small left
10031	187	0	198	15	0
# walk
10032	155	0	170	15	0
10033	125	0	139	15	0
#break left
10034	6	0	19	15	0
#break right
10035	426	0	439	15	0
#jump right (up and dn)
10036	395	80	410	95	0
10037	306	0	320	15	0
#jump left (up and dn)
10038	35	80	50	95	0
10039	125	0	139	15	0
#fullspeed R
11040	275	0	290	15	0
11041	335	0	350	15	0
#fullspeed L
11042	155	0	170	15	0
11043	95	0	110	15	0
#----------------------------FIRE MARIO
#idle right
10040	246	394	259	420	0	
#idle left
10041	186	394	199	420	0
#walk right
10042	275	394	290	420	0
10043	305	395	320	420	0
#walk left
10044	155	394	170	420	0
10045	125	395	140	420	0
#break right
10046	425	394	440	421	0
#break left
10047	5	394	20	421	0
#jump right up
10048	395	515	410	540	0
#jump right down
10049	305	395	320	420	0
#jump left up
10050	35	515	50	540	0
#jump left down
10051	125	395	140	420	0
#MAXSPD R
11052	334	394	352	420	0
11053	362	394	380	420	0
11054	392	395	410	420	0
#MAXSPD L
11055	93	394	111	420	0
11056	65	394	83	420	0
11057	35	395	53	420	0
#SHOOT RIGHT
10064	336	474	349	500	0
10065	336	474	379	500	0
10066	396	474	409	500	0
#SHOOT LEFT
10067	96	474	109	500	0
10068	66	474	79	500	0
10069	36	474	49	500	0
#-------------------------------RACOON MARIO
#idle right
10052	243	634	263	661	0
#idle left
10053	182	634	202	661	0
#walk right
10054	272	634	293	661	0
10055	303	634	323	660	0
#walk left
10056	152	634	173	661	0
10057	122	634	142	660	0
#break right
10058	425	633	440	662	0
#break left
10059	5	633	20	662	0
#jump right up
10060	392	754	414	780	0
#jump right down
10061	303	634	323	660	0	
#jump left up
10062	31	754	53	780	0
#jump left down
10063	122	634	142	660	0
#MAXSPD R
11064	331	634	354	661	0
11065	362	634	384	661	0
11066	393	634	413	660	0
#MAXSPD L
11067	91	634	114	661	0
11068	61	634	83	661	0
11069	32	634	52	660	0
#---------------------------BRICK1
20001	461	533	478	550	60
#Brick2
20021	311	997	328	1014	60
20022	329	997	346	1014	60
20023	347	997	364	1014	60
20024	365	997	382	1014	60	
#Cloud Brick
20003	1424	208	1440	224	50
#GOOMBA
30001	5	14	21	29	10
30002	25	14	41	29	10
#die
30003	45	21	61	29	10

#Koopa
#walk left
31001	4	807	19	833	60
31002	21	806	36	831	60
#walk right
31003	3	778	18	804	60
31004	21	779	36	804	60
#shell
31005	39	790	54	804	60
#shell move
31006	57	790	72	804	60
31007	75	790	90	804	60
31008	93	790	108	804	60
#brick with question mark animation
40001	383	997	400	1014	60
40002	401	997	418	1014	60
40003	419	997	436	1014	60
40004	437	997	454	1014	60
	
40005	499	533	516	550	60					
# ani_id	sprite1_id	time1	sprite2_id	time2	...
[ANIMATIONS]
# ====== Background ========
1	1	100
#fireball ani
900	9001	100	9002	100	9003	100
#coin
800	8001	100	8002	100	8003	100	8004	100
# ==== MARIO =========
######BIG MARIO#########
#idle BIG right
400	10001	100
#idle BIG left
401	10011	100
#walk right big
500	10001	50	10002	50	10003	50
#walk left big
501	10011	50	10012	50	10013	50
#break left BIG
510	10014	100
#break right BIG
511	10015	100
#jump right up
512	10016	100
#jump right down
513	10017	100
#jump left up
514	10018	100
#jump left down
515	10019	100
#maxspd R
544	11020	10	11021	10	11022	10
#maxspd L
545	11023	10	11024	10	11025	10
#--------------SMALL--------------
#idle small right
402	10021	100
#idle small left
403	10031	100
#walk right small
502	10021	50	10022	50	10023	50
#walk left small
503	10031	50	10032	50	10033	50
#break left
516	10034	100
#break right
517	10035	100
#jru
518	10036	100
#jrd
519	10037	100
#jlu
520	10038	100
#jld
521	10039	100
#fullspeed R
542	11040	10	11041	10
#fullspeed L
543	11042	10	11043	10
#die
599	10099	100

#----------Fire mario--------
#idle right
522	10040	100
#idle left
523	10041	100
#walk right
524	10040	50	10042	50	10043	50
#walk left
525	10041	50	10044	50	10045	50
#break right
526	10046	100
#break left
527	10047	100
#jump right up
528	10048	100
#jump right down
529	10049	100
#jump left up
530	10050	100
#jupmp left down
531	10051	100
#MAXSPD R
546	11052	10	11053	10	11054	10
547	11055	10	11056	10	11057	10
#SHOOT RIGHT LEFT
550	10064	100	10065	100	10066	100
551	10067	100	10068	100	10069	100
#-----------racoon mario----------
#idle right
532	10052	100
#idle left
533	10053	100
#walk right
534	10052	50	10054	50	10055	50
#walk left
535	10053	50	10056	50	10057	50
#break right
536	10058	100
#break left
537	10059	100
#jump right up
538	10060	100
#jump right down
539	10061	100
#jump left up
540	10062	100
#jupmp left down
541	10063	100
#MAXSPD R
548	11064	10	11065	10
#MAXSPD L
549	11067	10	11068	10
#----------------------
#idle right
#idle left
#walk right
#walk left
#break right
#break left
#jump right up
#jump right down
#jump left up
#jupmp left down
# ==== BRICK  type1 =========
601	20001	100

# ==== QUESTION MARK BRICK =========
602	40001	1000	40001	100	40002	100	40003	100	40004	100
#----question mark dies
606	40005	100
#-=====brick type 2=======
603	20021	100	20022	100	20023	100	20024	100

#-----cloud brick-----
604	20003	100
# ==== GOOMBA  =========
# walk
701	30001	100	30002	100
# die
702	30003	100

#---KOOPA
711	31001	100	31002	100
712	31003	100	31004	100
713	31005	100
714	31006	50	31007	50	31008	50
#
# id	ani1	ani2	ani3
#
[ANIMATION_SETS]
#fireball
99	900
#coin
88	800
# MARIO
1	400	401	402	403	500	501	502	503	599	510	511	512	513	514	515	516	517	518	519	520	521	522	523	524	525	526	527	528	529	530	531	532	533	534	535	536	537	538	539	540	541	542	543	544	545	546	547	548	549	550	551
# BRICK 
2	601
#Brick 2
21	603
# QUESTION MARK BRICK 
22	602	606
#Cloud brick
23	604
# GOOMBA
3	701	702
#KOOPA
10	711	712	713	714
# Background
4	1
[OBJECTS]
# type	x	y	ani_set_id	extra_settings per object type
# type: 0 = Mario , 1 = Brick, 2 = Goomba,3 Koopa,4= Mysterious block,5 coin

#background
12	0	0	4


#coin
5	1080	340	88
5	1120	305	88
5	1160	270	88
5	1200	235	88
5	1240	200	88
#mysterious block
4	176	354	22
4	192	354	22
4	224	306	22
4	240	306	22

4	416	320	22

4	656	386	22

4	704	354	22

4	1472	370	22
# MARIO
0	150	300	1

# GOOMBA
2	255	370	3
2	509	370	3
2	890	370	3
2	920	370	3
2	960	370	3

#KOOPA
3	255	370	10
3	280	370	10
# BRICK type1 

# ---- brick group 1 ----
1	1504	338	2
1	1520	338	2

# ---- brick group 2 ----
1	1568	402	2
1	1584	402	2
1	1600	402	2

1	1584	386	2
1	1600	386	2

1	1600	370	2

# ---- brick group 3 ----
1	1664	402	2
1	1680	402	2
1	1696	402	2

1	1664	386	2
1	1680	386	2

1	1664	370	2

# BRICK TYPE 2
#---brick2 group1 ---
1	1952	402	21
1	1968	402	21
1	1984	402	21
1	2000	402	21
1	2016	402	21
1	2032	402	21
1	2048	402	21
1	2064	402	21

1	1968	386	21
1	1984	386	21
1	2000	386	21
1	2016	386	21
1	2032	386	21
1	2048	386	21

1	1984	370	21
1	2000	370	21
1	2016	370	21
1	2032	370	21
1	2048	370	21

#--brick2 group 2---
1	2096	402	21
1	2112	402	21

1	2096	386	21

	#clouds platform,does doraemon have anything to do with this (⊙_⊙)？
#1st pack
1	1408	194	23
1	1424	194	23
1	1440	194	23
1	1456	194	23

#2nd pack
1	1488	178	23
1	1504	178	23
1	1520	178	23
1	1536	178	23
1	1552	178	23
1	1568	178	23
1	1584	178	23
1	1600	178	23
1	1616	178	23
1	1632	178	23
1	1648	178	23
1	1664	178	23
1	1680	178	23
1	1696	178	23


# --- SCENE PORTAL ----
# type	l	t	ani_set_id	r	b	scene_id
#50	300	98	0	316	150	2
[INDESTRUCTIBLES]
#type	left	top	right	bottom
# type: 1-Floor, 2-Pipe,3-Platform

#----------------------Floor setup------------------
	#"normal" floors
#1 - base
1	0	418	1088	434
#2 - 1 level up
1	624	402	1088	418
#3 - base
1	1152	418	1504	434
#4 - base
1	1536	418	1616	434
#5 - base
1	1664	418	2240	434
#6 - base
1	2256	418	2816	434

#wall

3	0	0	1	420
#-------------------platform
#1
3	240	370	288	371
3	272	338	320	339

#2
3	400	370	480	371
3	464	338	528	339
3	512	386	608	387
3	512	306	576	307

#3
3	1264	386	1376	387
3	1296	354	1408	355
3	1328	322	1440	323

3	1312	146	1376	147
#4
3	2144	370	2192	371
3	2176	274	2224	275

#-----------------------Pipe setup------------------
#
2	352	370	384	418
2	1792	386	1824	418
2	1856	370	1888	418
2	2256	114	2288	321
2	2256	370	2288	418
2	2320	386	2352	418
